X = [
0 0 0 0 0 0 0 0 0 0 0 0 0 0 0 0 0 0 0 -0 -0 -0 -0 -0 -0 -0 -0 -0 -0 -0 -0 -0 -0 -0 -0 -0 -0 -0 -0 -0 -0 -0 -0 -0 -0 -0 -0 -0 -0 -0 -0 -0 -0 -0 -0 0 0 0 0 0 0 0 0 0 0 0 0 0 0 0 0 0 0 ;
0.0871557 0.0868241 0.0858316 0.084186 0.0818996 0.0789899 0.0754791 0.0713938 0.0667652 0.0616284 0.0560226 0.0499905 0.0435779 0.0368336 0.029809 0.0225576 0.0151344 0.00759612 5.33675e-18 -0.00759612 -0.0151344 -0.0225576 -0.029809 -0.0368336 -0.0435779 -0.0499905 -0.0560226 -0.0616284 -0.0667652 -0.0713938 -0.0754791 -0.0789899 -0.0818996 -0.084186 -0.0858316 -0.0868241 -0.0871557 -0.0868241 -0.0858316 -0.084186 -0.0818996 -0.0789899 -0.0754791 -0.0713938 -0.0667652 -0.0616284 -0.0560226 -0.0499905 -0.0435779 -0.0368336 -0.029809 -0.0225576 -0.0151344 -0.00759612 -1.60102e-17 0.00759612 0.0151344 0.0225576 0.029809 0.0368336 0.0435779 0.0499905 0.0560226 0.0616284 0.0667652 0.0713938 0.0754791 0.0789899 0.0818996 0.084186 0.0858316 0.0868241 0.0871557 ;
0.173648 0.172987 0.17101 0.167731 0.163176 0.157379 0.150384 0.142244 0.133022 0.122788 0.111619 0.0996005 0.0868241 0.0733869 0.0593912 0.0449435 0.0301537 0.0151344 1.06329e-17 -0.0151344 -0.0301537 -0.0449435 -0.0593912 -0.0733869 -0.0868241 -0.0996005 -0.111619 -0.122788 -0.133022 -0.142244 -0.150384 -0.157379 -0.163176 -0.167731 -0.17101 -0.172987 -0.173648 -0.172987 -0.17101 -0.167731 -0.163176 -0.157379 -0.150384 -0.142244 -0.133022 -0.122788 -0.111619 -0.0996005 -0.0868241 -0.0733869 -0.0593912 -0.0449435 -0.0301537 -0.0151344 -3.18987e-17 0.0151344 0.0301537 0.0449435 0.0593912 0.0733869 0.0868241 0.0996005 0.111619 0.122788 0.133022 0.142244 0.150384 0.157379 0.163176 0.167731 0.17101 0.172987 0.173648 ;
0.258819 0.257834 0.254887 0.25 0.24321 0.23457 0.224144 0.212012 0.198267 0.183013 0.166366 0.148453 0.12941 0.109382 0.0885213 0.0669873 0.0449435 0.0225576 1.58481e-17 -0.0225576 -0.0449435 -0.0669873 -0.0885213 -0.109382 -0.12941 -0.148453 -0.166366 -0.183013 -0.198267 -0.212012 -0.224144 -0.23457 -0.24321 -0.25 -0.254887 -0.257834 -0.258819 -0.257834 -0.254887 -0.25 -0.24321 -0.23457 -0.224144 -0.212012 -0.198267 -0.183013 -0.166366 -0.148453 -0.12941 -0.109382 -0.0885213 -0.0669873 -0.0449435 -0.0225576 -4.75443e-17 0.0225576 0.0449435 0.0669873 0.0885213 0.109382 0.12941 0.148453 0.166366 0.183013 0.198267 0.212012 0.224144 0.23457 0.24321 0.25 0.254887 0.257834 0.258819 ;
0.34202 0.340719 0.336824 0.330366 0.321394 0.309976 0.296198 0.280167 0.262003 0.241845 0.219846 0.196175 0.17101 0.144544 0.116978 0.0885213 0.0593912 0.029809 2.09427e-17 -0.029809 -0.0593912 -0.0885213 -0.116978 -0.144544 -0.17101 -0.196175 -0.219846 -0.241845 -0.262003 -0.280167 -0.296198 -0.309976 -0.321394 -0.330366 -0.336824 -0.340719 -0.34202 -0.340719 -0.336824 -0.330366 -0.321394 -0.309976 -0.296198 -0.280167 -0.262003 -0.241845 -0.219846 -0.196175 -0.17101 -0.144544 -0.116978 -0.0885213 -0.0593912 -0.029809 -6.28281e-17 0.029809 0.0593912 0.0885213 0.116978 0.144544 0.17101 0.196175 0.219846 0.241845 0.262003 0.280167 0.296198 0.309976 0.321394 0.330366 0.336824 0.340719 0.34202 ;
0.422618 0.42101 0.416198 0.408218 0.397131 0.383022 0.365998 0.346189 0.323744 0.298836 0.271654 0.242404 0.211309 0.178606 0.144544 0.109382 0.0733869 0.0368336 2.58779e-17 -0.0368336 -0.0733869 -0.109382 -0.144544 -0.178606 -0.211309 -0.242404 -0.271654 -0.298836 -0.323744 -0.346189 -0.365998 -0.383022 -0.397131 -0.408218 -0.416198 -0.42101 -0.422618 -0.42101 -0.416198 -0.408218 -0.397131 -0.383022 -0.365998 -0.346189 -0.323744 -0.298836 -0.271654 -0.242404 -0.211309 -0.178606 -0.144544 -0.109382 -0.0733869 -0.0368336 -7.76337e-17 0.0368336 0.0733869 0.109382 0.144544 0.178606 0.211309 0.242404 0.271654 0.298836 0.323744 0.346189 0.365998 0.383022 0.397131 0.408218 0.416198 0.42101 0.422618 ;
0.5 0.498097 0.492404 0.482963 0.469846 0.453154 0.433013 0.409576 0.383022 0.353553 0.321394 0.286788 0.25 0.211309 0.17101 0.12941 0.0868241 0.0435779 3.06162e-17 -0.0435779 -0.0868241 -0.12941 -0.17101 -0.211309 -0.25 -0.286788 -0.321394 -0.353553 -0.383022 -0.409576 -0.433013 -0.453154 -0.469846 -0.482963 -0.492404 -0.498097 -0.5 -0.498097 -0.492404 -0.482963 -0.469846 -0.453154 -0.433013 -0.409576 -0.383022 -0.353553 -0.321394 -0.286788 -0.25 -0.211309 -0.17101 -0.12941 -0.0868241 -0.0435779 -9.18485e-17 0.0435779 0.0868241 0.12941 0.17101 0.211309 0.25 0.286788 0.321394 0.353553 0.383022 0.409576 0.433013 0.453154 0.469846 0.482963 0.492404 0.498097 0.5 ;
0.573576 0.571394 0.564863 0.554032 0.538986 0.519837 0.496732 0.469846 0.439385 0.40558 0.368688 0.32899 0.286788 0.242404 0.196175 0.148453 0.0996005 0.0499905 3.51214e-17 -0.0499905 -0.0996005 -0.148453 -0.196175 -0.242404 -0.286788 -0.32899 -0.368688 -0.40558 -0.439385 -0.469846 -0.496732 -0.519837 -0.538986 -0.554032 -0.564863 -0.571394 -0.573576 -0.571394 -0.564863 -0.554032 -0.538986 -0.519837 -0.496732 -0.469846 -0.439385 -0.40558 -0.368688 -0.32899 -0.286788 -0.242404 -0.196175 -0.148453 -0.0996005 -0.0499905 -1.05364e-16 0.0499905 0.0996005 0.148453 0.196175 0.242404 0.286788 0.32899 0.368688 0.40558 0.439385 0.469846 0.496732 0.519837 0.538986 0.554032 0.564863 0.571394 0.573576 ;
0.642788 0.640342 0.633022 0.620885 0.604023 0.582563 0.55667 0.526541 0.492404 0.454519 0.413176 0.368688 0.321394 0.271654 0.219846 0.166366 0.111619 0.0560226 3.93594e-17 -0.0560226 -0.111619 -0.166366 -0.219846 -0.271654 -0.321394 -0.368688 -0.413176 -0.454519 -0.492404 -0.526541 -0.55667 -0.582563 -0.604023 -0.620885 -0.633022 -0.640342 -0.642788 -0.640342 -0.633022 -0.620885 -0.604023 -0.582563 -0.55667 -0.526541 -0.492404 -0.454519 -0.413176 -0.368688 -0.321394 -0.271654 -0.219846 -0.166366 -0.111619 -0.0560226 -1.18078e-16 0.0560226 0.111619 0.166366 0.219846 0.271654 0.321394 0.368688 0.413176 0.454519 0.492404 0.526541 0.55667 0.582563 0.604023 0.620885 0.633022 0.640342 0.642788 ;
0.707107 1.40883 0.696364 1.36603 1.32893 1.28171 1.22474 1.15846 1.08335 1 0.909039 0.81116 0.707107 0.597672 0.48369 0.366025 0.122788 0.123257 4.32978e-17 -0.0616284 -0.122788 -0.183013 -0.241845 -0.298836 -0.353553 -0.40558 -0.454519 -0.5 -0.541675 -0.579228 -0.612372 -0.640856 -0.664463 -0.683013 -0.696364 -0.704416 -0.707107 -0.704416 -0.696364 -0.683013 -0.664463 -0.640856 -0.612372 -0.579228 -0.541675 -0.5 -0.454519 -0.40558 -0.353553 -0.298836 -0.241845 -0.183013 -0.122788 -0.0616284 -1.29893e-16 0.0616284 0.122788 0.183013 0.241845 0.298836 0.353553 0.40558 0.454519 0.5 0.541675 0.579228 0.612372 0.640856 0.664463 0.683013 0.696364 0.704416 0.707107 ;
0.766044 0.763129 0.754407 0.739942 0.719846 1.38854 1.32683 1.25501 1.17365 1.08335 0.984808 0.87877 0.766044 0.647489 0.262003 0.198267 0.133022 0.0667652 4.69067e-17 -0.0667652 -0.133022 -0.198267 -0.262003 -0.323744 -0.383022 -0.439385 -0.492404 -0.541675 -0.586824 -0.627507 -0.663414 -0.694272 -0.719846 -0.739942 -0.754407 -0.763129 -0.766044 -0.763129 -0.754407 -0.739942 -0.719846 -0.694272 -0.663414 -0.627507 -0.586824 -0.541675 -0.492404 -0.439385 -0.383022 -0.323744 -0.262003 -0.198267 -0.133022 -0.0667652 -1.4072e-16 0.0667652 0.133022 0.198267 0.262003 0.323744 0.383022 0.439385 0.492404 0.541675 0.586824 0.627507 0.663414 0.694272 0.719846 0.739942 0.754407 0.763129 0.766044 ;
0.819152 0.816035 0.806707 0.79124 0.769751 0.742404 1.41881 1.34202 1.25501 1.15846 1.05308 0.939693 0.819152 0.346189 0.280167 0.212012 0.142244 0.0713938 5.01586e-17 -0.0713938 -0.142244 -0.212012 -0.280167 -0.346189 -0.409576 -0.469846 -0.526541 -0.579228 -0.627507 -0.67101 -0.709406 -0.742404 -0.769751 -0.79124 -0.806707 -0.816035 -0.819152 -0.816035 -0.806707 -0.79124 -0.769751 -0.742404 -0.709406 -0.67101 -0.627507 -0.579228 -0.526541 -0.469846 -0.409576 -0.346189 -0.280167 -0.212012 -0.142244 -0.0713938 -1.50476e-16 0.0713938 0.142244 0.212012 0.280167 0.346189 0.409576 0.469846 0.526541 0.579228 0.627507 0.67101 0.709406 0.742404 0.769751 0.79124 0.806707 0.816035 0.819152 ;
0.866025 0.86273 0.852869 0.836516 0.813798 0.784886 0.75 1.41881 1.32683 1.22474 1.11334 0.993464 0.433013 0.365998 0.296198 0.224144 0.150384 0.0754791 5.30288e-17 -0.0754791 -0.150384 -0.224144 -0.296198 -0.365998 -0.433013 -0.496732 -0.55667 -0.612372 -0.663414 -0.709406 -0.75 -0.784886 -0.813798 -0.836516 -0.852869 -0.86273 -0.866025 -0.86273 -0.852869 -0.836516 -0.813798 -0.784886 -0.75 -0.709406 -0.663414 -0.612372 -0.55667 -0.496732 -0.433013 -0.365998 -0.296198 -0.224144 -0.150384 -0.0754791 -1.59086e-16 0.0754791 0.150384 0.224144 0.296198 0.365998 0.433013 0.496732 0.55667 0.612372 0.663414 0.709406 0.75 0.784886 0.813798 0.836516 0.852869 0.86273 0.866025 ;
0.906308 0.902859 0.892539 0.875426 0.851651 0.821394 0.784886 0.742404 1.38854 1.28171 1.16513 0.519837 0.453154 0.383022 0.309976 0.23457 0.157379 0.0789899 5.54953e-17 -0.0789899 -0.157379 -0.23457 -0.309976 -0.383022 -0.453154 -0.519837 -0.582563 -0.640856 -0.694272 -0.742404 -0.784886 -0.821394 -0.851651 -0.875426 -0.892539 -0.902859 -0.906308 -0.902859 -0.892539 -0.875426 -0.851651 -0.821394 -0.784886 -0.742404 -0.694272 -0.640856 -0.582563 -0.519837 -0.453154 -0.383022 -0.309976 -0.23457 -0.157379 -0.0789899 -1.66486e-16 0.0789899 0.157379 0.23457 0.309976 0.383022 0.453154 0.519837 0.582563 0.640856 0.694272 0.742404 0.784886 0.821394 0.851651 0.875426 0.892539 0.902859 0.906308 ;
0.939693 0.936117 0.925417 0.907673 0.883022 0.851651 0.813798 0.769751 0.719846 1.32893 0.604023 0.538986 0.469846 0.397131 0.321394 0.24321 0.163176 0.0818996 5.75396e-17 -0.0818996 -0.163176 -0.24321 -0.321394 -0.397131 -0.469846 -0.538986 -0.604023 -0.664463 -0.719846 -0.769751 -0.813798 -0.851651 -0.883022 -0.907673 -0.925417 -0.936117 -0.939693 -0.936117 -0.925417 -0.907673 -0.883022 -0.851651 -0.813798 -0.769751 -0.719846 -0.664463 -0.604023 -0.538986 -0.469846 -0.397131 -0.321394 -0.24321 -0.163176 -0.0818996 -1.72619e-16 0.0818996 0.163176 0.24321 0.321394 0.397131 0.469846 0.538986 0.604023 0.664463 0.719846 0.769751 0.813798 0.851651 0.883022 0.907673 0.925417 0.936117 0.939693 ;
0.965926 0.96225 0.951251 0.933013 0.907673 0.875426 0.836516 0.79124 0.739942 1.36603 0.620885 0.554032 0.482963 0.408218 0.330366 0.25 0.167731 0.084186 5.91459e-17 -0.084186 -0.167731 -0.25 -0.330366 -0.408218 -0.482963 -0.554032 -0.620885 -0.683013 -0.739942 -0.79124 -0.836516 -0.875426 -0.907673 -0.933013 -0.951251 -0.96225 -0.965926 -0.96225 -0.951251 -0.933013 -0.907673 -0.875426 -0.836516 -0.79124 -0.739942 -0.683013 -0.620885 -0.554032 -0.482963 -0.408218 -0.330366 -0.25 -0.167731 -0.084186 -1.77438e-16 0.084186 0.167731 0.25 0.330366 0.408218 0.482963 0.554032 0.620885 0.683013 0.739942 0.79124 0.836516 0.875426 0.907673 0.933013 0.951251 0.96225 0.965926 ;
0.984808 0.98106 0.969846 0.951251 0.925417 0.892539 0.852869 0.806707 0.754407 1.39273 0.633022 0.564863 0.492404 0.416198 0.336824 0.254887 0.17101 0.0858316 6.03021e-17 -0.0858316 -0.17101 -0.254887 -0.336824 -0.416198 -0.492404 -0.564863 -0.633022 -0.696364 -0.754407 -0.806707 -0.852869 -0.892539 -0.925417 -0.951251 -0.969846 -0.98106 -0.984808 -0.98106 -0.969846 -0.951251 -0.925417 -0.892539 -0.852869 -0.806707 -0.754407 -0.696364 -0.633022 -0.564863 -0.492404 -0.416198 -0.336824 -0.254887 -0.17101 -0.0858316 -1.80906e-16 0.0858316 0.17101 0.254887 0.336824 0.416198 0.492404 0.564863 0.633022 0.696364 0.754407 0.806707 0.852869 0.892539 0.925417 0.951251 0.969846 0.98106 0.984808 ;
0.996195 0.992404 0.98106 0.96225 0.936117 0.902859 0.86273 0.816035 0.763129 1.40883 0.640342 0.571394 0.498097 0.42101 0.340719 0.257834 0.172987 0.0868241 6.09993e-17 -0.0868241 -0.172987 -0.257834 -0.340719 -0.42101 -0.498097 -0.571394 -0.640342 -0.704416 -0.763129 -0.816035 -0.86273 -0.902859 -0.936117 -0.96225 -0.98106 -0.992404 -0.996195 -0.992404 -0.98106 -0.96225 -0.936117 -0.902859 -0.86273 -0.816035 -0.763129 -0.704416 -0.640342 -0.571394 -0.498097 -0.42101 -0.340719 -0.257834 -0.172987 -0.0868241 -1.82998e-16 0.0868241 0.172987 0.257834 0.340719 0.42101 0.498097 0.571394 0.640342 0.704416 0.763129 0.816035 0.86273 0.902859 0.936117 0.96225 0.98106 0.992404 0.996195 ;
1 0.996195 0.984808 0.965926 0.939693 0.906308 0.866025 0.819152 0.766044 0.707107 0.642788 0.573576 0.5 0.422618 0.34202 0.258819 0.173648 0.0871557 6.12323e-17 -0.0871557 -0.173648 -0.258819 -0.34202 -0.422618 -0.5 -0.573576 -0.642788 -0.707107 -0.766044 -0.819152 -0.866025 -0.906308 -0.939693 -0.965926 -0.984808 -0.996195 -1 -0.996195 -0.984808 -0.965926 -0.939693 -0.906308 -0.866025 -0.819152 -0.766044 -0.707107 -0.642788 -0.573576 -0.5 -0.422618 -0.34202 -0.258819 -0.173648 -0.0871557 -1.83697e-16 0.0871557 0.173648 0.258819 0.34202 0.422618 0.5 0.573576 0.642788 0.707107 0.766044 0.819152 0.866025 0.906308 0.939693 0.965926 0.984808 0.996195 1 ;
];
Y = [
0 0 0 0 0 0 0 0 0 0 0 0 0 0 0 0 0 0 0 0 0 0 0 0 0 0 0 0 0 0 0 0 0 0 0 0 0 -0 -0 -0 -0 -0 -0 -0 -0 -0 -0 -0 -0 -0 -0 -0 -0 -0 -0 -0 -0 -0 -0 -0 -0 -0 -0 -0 -0 -0 -0 -0 -0 -0 -0 -0 -0 ;
0 0.00759612 0.0151344 0.0225576 0.029809 0.0368336 0.0435779 0.0499905 0.0560226 0.0616284 0.0667652 0.0713938 0.0754791 0.0789899 0.0818996 0.084186 0.0858316 0.0868241 0.0871557 0.0868241 0.0858316 0.084186 0.0818996 0.0789899 0.0754791 0.0713938 0.0667652 0.0616284 0.0560226 0.0499905 0.0435779 0.0368336 0.029809 0.0225576 0.0151344 0.00759612 1.06735e-17 -0.00759612 -0.0151344 -0.0225576 -0.029809 -0.0368336 -0.0435779 -0.0499905 -0.0560226 -0.0616284 -0.0667652 -0.0713938 -0.0754791 -0.0789899 -0.0818996 -0.084186 -0.0858316 -0.0868241 -0.0871557 -0.0868241 -0.0858316 -0.084186 -0.0818996 -0.0789899 -0.0754791 -0.0713938 -0.0667652 -0.0616284 -0.0560226 -0.0499905 -0.0435779 -0.0368336 -0.029809 -0.0225576 -0.0151344 -0.00759612 -2.1347e-17 ;
0 0.0151344 0.0301537 0.0449435 0.0593912 0.0733869 0.0868241 0.0996005 0.111619 0.122788 0.133022 0.142244 0.150384 0.157379 0.163176 0.167731 0.17101 0.172987 0.173648 0.172987 0.17101 0.167731 0.163176 0.157379 0.150384 0.142244 0.133022 0.122788 0.111619 0.0996005 0.0868241 0.0733869 0.0593912 0.0449435 0.0301537 0.0151344 2.12658e-17 -0.0151344 -0.0301537 -0.0449435 -0.0593912 -0.0733869 -0.0868241 -0.0996005 -0.111619 -0.122788 -0.133022 -0.142244 -0.150384 -0.157379 -0.163176 -0.167731 -0.17101 -0.172987 -0.173648 -0.172987 -0.17101 -0.167731 -0.163176 -0.157379 -0.150384 -0.142244 -0.133022 -0.122788 -0.111619 -0.0996005 -0.0868241 -0.0733869 -0.0593912 -0.0449435 -0.0301537 -0.0151344 -4.25315e-17 ;
0 0.0225576 0.0449435 0.0669873 0.0885213 0.109382 0.12941 0.148453 0.166366 0.183013 0.198267 0.212012 0.224144 0.23457 0.24321 0.25 0.254887 0.257834 0.258819 0.257834 0.254887 0.25 0.24321 0.23457 0.224144 0.212012 0.198267 0.183013 0.166366 0.148453 0.12941 0.109382 0.0885213 0.0669873 0.0449435 0.0225576 3.16962e-17 -0.0225576 -0.0449435 -0.0669873 -0.0885213 -0.109382 -0.12941 -0.148453 -0.166366 -0.183013 -0.198267 -0.212012 -0.224144 -0.23457 -0.24321 -0.25 -0.254887 -0.257834 -0.258819 -0.257834 -0.254887 -0.25 -0.24321 -0.23457 -0.224144 -0.212012 -0.198267 -0.183013 -0.166366 -0.148453 -0.12941 -0.109382 -0.0885213 -0.0669873 -0.0449435 -0.0225576 -6.33924e-17 ;
0 0.029809 0.0593912 0.0885213 0.116978 0.144544 0.17101 0.196175 0.219846 0.241845 0.262003 0.280167 0.296198 0.309976 0.321394 0.330366 0.336824 0.340719 0.34202 0.340719 0.336824 0.330366 0.321394 0.309976 0.296198 0.280167 0.262003 0.241845 0.219846 0.196175 0.17101 0.144544 0.116978 0.0885213 0.0593912 0.029809 4.18854e-17 -0.029809 -0.0593912 -0.0885213 -0.116978 -0.144544 -0.17101 -0.196175 -0.219846 -0.241845 -0.262003 -0.280167 -0.296198 -0.309976 -0.321394 -0.330366 -0.336824 -0.340719 -0.34202 -0.340719 -0.336824 -0.330366 -0.321394 -0.309976 -0.296198 -0.280167 -0.262003 -0.241845 -0.219846 -0.196175 -0.17101 -0.144544 -0.116978 -0.0885213 -0.0593912 -0.029809 -8.37708e-17 ;
0 0.0368336 0.0733869 0.109382 0.144544 0.178606 0.211309 0.242404 0.271654 0.298836 0.323744 0.346189 0.365998 0.383022 0.397131 0.408218 0.416198 0.42101 0.422618 0.42101 0.416198 0.408218 0.397131 0.383022 0.365998 0.346189 0.323744 0.298836 0.271654 0.242404 0.211309 0.178606 0.144544 0.109382 0.0733869 0.0368336 5.17558e-17 -0.0368336 -0.0733869 -0.109382 -0.144544 -0.178606 -0.211309 -0.242404 -0.271654 -0.298836 -0.323744 -0.346189 -0.365998 -0.383022 -0.397131 -0.408218 -0.416198 -0.42101 -0.422618 -0.42101 -0.416198 -0.408218 -0.397131 -0.383022 -0.365998 -0.346189 -0.323744 -0.298836 -0.271654 -0.242404 -0.211309 -0.178606 -0.144544 -0.109382 -0.0733869 -0.0368336 -1.03512e-16 ;
0 0.0435779 0.0868241 0.12941 0.17101 0.211309 0.25 0.286788 0.321394 0.353553 0.383022 0.409576 0.433013 0.453154 0.469846 0.482963 0.492404 0.498097 0.5 0.498097 0.492404 0.482963 0.469846 0.453154 0.433013 0.409576 0.383022 0.353553 0.321394 0.286788 0.25 0.211309 0.17101 0.12941 0.0868241 0.0435779 6.12323e-17 -0.0435779 -0.0868241 -0.12941 -0.17101 -0.211309 -0.25 -0.286788 -0.321394 -0.353553 -0.383022 -0.409576 -0.433013 -0.453154 -0.469846 -0.482963 -0.492404 -0.498097 -0.5 -0.498097 -0.492404 -0.482963 -0.469846 -0.453154 -0.433013 -0.409576 -0.383022 -0.353553 -0.321394 -0.286788 -0.25 -0.211309 -0.17101 -0.12941 -0.0868241 -0.0435779 -1.22465e-16 ;
0 0.0499905 0.0996005 0.148453 0.196175 0.242404 0.286788 0.32899 0.368688 0.40558 0.439385 0.469846 0.496732 0.519837 0.538986 0.554032 0.564863 0.571394 0.573576 0.571394 0.564863 0.554032 0.538986 0.519837 0.496732 0.469846 0.439385 0.40558 0.368688 0.32899 0.286788 0.242404 0.196175 0.148453 0.0996005 0.0499905 7.02429e-17 -0.0499905 -0.0996005 -0.148453 -0.196175 -0.242404 -0.286788 -0.32899 -0.368688 -0.40558 -0.439385 -0.469846 -0.496732 -0.519837 -0.538986 -0.554032 -0.564863 -0.571394 -0.573576 -0.571394 -0.564863 -0.554032 -0.538986 -0.519837 -0.496732 -0.469846 -0.439385 -0.40558 -0.368688 -0.32899 -0.286788 -0.242404 -0.196175 -0.148453 -0.0996005 -0.0499905 -1.40486e-16 ;
0 0.0560226 0.111619 0.166366 0.219846 0.271654 0.321394 0.368688 0.413176 0.454519 0.492404 0.526541 0.55667 0.582563 0.604023 0.620885 0.633022 0.640342 0.642788 0.640342 0.633022 0.620885 0.604023 0.582563 0.55667 0.526541 0.492404 0.454519 0.413176 0.368688 0.321394 0.271654 0.219846 0.166366 0.111619 0.0560226 7.87188e-17 -0.0560226 -0.111619 -0.166366 -0.219846 -0.271654 -0.321394 -0.368688 -0.413176 -0.454519 -0.492404 -0.526541 -0.55667 -0.582563 -0.604023 -0.620885 -0.633022 -0.640342 -0.642788 -0.640342 -0.633022 -0.620885 -0.604023 -0.582563 -0.55667 -0.526541 -0.492404 -0.454519 -0.413176 -0.368688 -0.321394 -0.271654 -0.219846 -0.166366 -0.111619 -0.0560226 -1.57438e-16 ;
0 0.123257 0.122788 0.366025 0.48369 0.597672 0.707107 0.81116 0.909039 1 1.08335 1.15846 1.22474 1.28171 1.32893 1.36603 0.696364 1.40883 0.707107 0.704416 0.696364 0.683013 0.664463 0.640856 0.612372 0.579228 0.541675 0.5 0.454519 0.40558 0.353553 0.298836 0.241845 0.183013 0.122788 0.0616284 8.65956e-17 -0.0616284 -0.122788 -0.183013 -0.241845 -0.298836 -0.353553 -0.40558 -0.454519 -0.5 -0.541675 -0.579228 -0.612372 -0.640856 -0.664463 -0.683013 -0.696364 -0.704416 -0.707107 -0.704416 -0.696364 -0.683013 -0.664463 -0.640856 -0.612372 -0.579228 -0.541675 -0.5 -0.454519 -0.40558 -0.353553 -0.298836 -0.241845 -0.183013 -0.122788 -0.0616284 -1.73191e-16 ;
0 0.0667652 0.133022 0.198267 0.262003 0.647489 0.766044 0.87877 0.984808 1.08335 1.17365 1.25501 1.32683 1.38854 0.719846 0.739942 0.754407 0.763129 0.766044 0.763129 0.754407 0.739942 0.719846 0.694272 0.663414 0.627507 0.586824 0.541675 0.492404 0.439385 0.383022 0.323744 0.262003 0.198267 0.133022 0.0667652 9.38134e-17 -0.0667652 -0.133022 -0.198267 -0.262003 -0.323744 -0.383022 -0.439385 -0.492404 -0.541675 -0.586824 -0.627507 -0.663414 -0.694272 -0.719846 -0.739942 -0.754407 -0.763129 -0.766044 -0.763129 -0.754407 -0.739942 -0.719846 -0.694272 -0.663414 -0.627507 -0.586824 -0.541675 -0.492404 -0.439385 -0.383022 -0.323744 -0.262003 -0.198267 -0.133022 -0.0667652 -1.87627e-16 ;
0 0.0713938 0.142244 0.212012 0.280167 0.346189 0.819152 0.939693 1.05308 1.15846 1.25501 1.34202 1.41881 0.742404 0.769751 0.79124 0.806707 0.816035 0.819152 0.816035 0.806707 0.79124 0.769751 0.742404 0.709406 0.67101 0.627507 0.579228 0.526541 0.469846 0.409576 0.346189 0.280167 0.212012 0.142244 0.0713938 1.00317e-16 -0.0713938 -0.142244 -0.212012 -0.280167 -0.346189 -0.409576 -0.469846 -0.526541 -0.579228 -0.627507 -0.67101 -0.709406 -0.742404 -0.769751 -0.79124 -0.806707 -0.816035 -0.819152 -0.816035 -0.806707 -0.79124 -0.769751 -0.742404 -0.709406 -0.67101 -0.627507 -0.579228 -0.526541 -0.469846 -0.409576 -0.346189 -0.280167 -0.212012 -0.142244 -0.0713938 -2.00634e-16 ;
0 0.0754791 0.150384 0.224144 0.296198 0.365998 0.433013 0.993464 1.11334 1.22474 1.32683 1.41881 0.75 0.784886 0.813798 0.836516 0.852869 0.86273 0.866025 0.86273 0.852869 0.836516 0.813798 0.784886 0.75 0.709406 0.663414 0.612372 0.55667 0.496732 0.433013 0.365998 0.296198 0.224144 0.150384 0.0754791 1.06058e-16 -0.0754791 -0.150384 -0.224144 -0.296198 -0.365998 -0.433013 -0.496732 -0.55667 -0.612372 -0.663414 -0.709406 -0.75 -0.784886 -0.813798 -0.836516 -0.852869 -0.86273 -0.866025 -0.86273 -0.852869 -0.836516 -0.813798 -0.784886 -0.75 -0.709406 -0.663414 -0.612372 -0.55667 -0.496732 -0.433013 -0.365998 -0.296198 -0.224144 -0.150384 -0.0754791 -2.12115e-16 ;
0 0.0789899 0.157379 0.23457 0.309976 0.383022 0.453154 0.519837 1.16513 1.28171 1.38854 0.742404 0.784886 0.821394 0.851651 0.875426 0.892539 0.902859 0.906308 0.902859 0.892539 0.875426 0.851651 0.821394 0.784886 0.742404 0.694272 0.640856 0.582563 0.519837 0.453154 0.383022 0.309976 0.23457 0.157379 0.0789899 1.10991e-16 -0.0789899 -0.157379 -0.23457 -0.309976 -0.383022 -0.453154 -0.519837 -0.582563 -0.640856 -0.694272 -0.742404 -0.784886 -0.821394 -0.851651 -0.875426 -0.892539 -0.902859 -0.906308 -0.902859 -0.892539 -0.875426 -0.851651 -0.821394 -0.784886 -0.742404 -0.694272 -0.640856 -0.582563 -0.519837 -0.453154 -0.383022 -0.309976 -0.23457 -0.157379 -0.0789899 -2.21981e-16 ;
0 0.0818996 0.163176 0.24321 0.321394 0.397131 0.469846 0.538986 0.604023 1.32893 0.719846 0.769751 0.813798 0.851651 0.883022 0.907673 0.925417 0.936117 0.939693 0.936117 0.925417 0.907673 0.883022 0.851651 0.813798 0.769751 0.719846 0.664463 0.604023 0.538986 0.469846 0.397131 0.321394 0.24321 0.163176 0.0818996 1.15079e-16 -0.0818996 -0.163176 -0.24321 -0.321394 -0.397131 -0.469846 -0.538986 -0.604023 -0.664463 -0.719846 -0.769751 -0.813798 -0.851651 -0.883022 -0.907673 -0.925417 -0.936117 -0.939693 -0.936117 -0.925417 -0.907673 -0.883022 -0.851651 -0.813798 -0.769751 -0.719846 -0.664463 -0.604023 -0.538986 -0.469846 -0.397131 -0.321394 -0.24321 -0.163176 -0.0818996 -2.30158e-16 ;
0 0.084186 0.167731 0.25 0.330366 0.408218 0.482963 0.554032 0.620885 1.36603 0.739942 0.79124 0.836516 0.875426 0.907673 0.933013 0.951251 0.96225 0.965926 0.96225 0.951251 0.933013 0.907673 0.875426 0.836516 0.79124 0.739942 0.683013 0.620885 0.554032 0.482963 0.408218 0.330366 0.25 0.167731 0.084186 1.18292e-16 -0.084186 -0.167731 -0.25 -0.330366 -0.408218 -0.482963 -0.554032 -0.620885 -0.683013 -0.739942 -0.79124 -0.836516 -0.875426 -0.907673 -0.933013 -0.951251 -0.96225 -0.965926 -0.96225 -0.951251 -0.933013 -0.907673 -0.875426 -0.836516 -0.79124 -0.739942 -0.683013 -0.620885 -0.554032 -0.482963 -0.408218 -0.330366 -0.25 -0.167731 -0.084186 -2.36584e-16 ;
0 0.0858316 0.17101 0.254887 0.336824 0.416198 0.492404 0.564863 0.633022 1.39273 0.754407 0.806707 0.852869 0.892539 0.925417 0.951251 0.969846 0.98106 0.984808 0.98106 0.969846 0.951251 0.925417 0.892539 0.852869 0.806707 0.754407 0.696364 0.633022 0.564863 0.492404 0.416198 0.336824 0.254887 0.17101 0.0858316 1.20604e-16 -0.0858316 -0.17101 -0.254887 -0.336824 -0.416198 -0.492404 -0.564863 -0.633022 -0.696364 -0.754407 -0.806707 -0.852869 -0.892539 -0.925417 -0.951251 -0.969846 -0.98106 -0.984808 -0.98106 -0.969846 -0.951251 -0.925417 -0.892539 -0.852869 -0.806707 -0.754407 -0.696364 -0.633022 -0.564863 -0.492404 -0.416198 -0.336824 -0.254887 -0.17101 -0.0858316 -2.41208e-16 ;
0 0.0868241 0.172987 0.257834 0.340719 0.42101 0.498097 0.571394 0.640342 1.40883 0.763129 0.816035 0.86273 0.902859 0.936117 0.96225 0.98106 0.992404 0.996195 0.992404 0.98106 0.96225 0.936117 0.902859 0.86273 0.816035 0.763129 0.704416 0.640342 0.571394 0.498097 0.42101 0.340719 0.257834 0.172987 0.0868241 1.21999e-16 -0.0868241 -0.172987 -0.257834 -0.340719 -0.42101 -0.498097 -0.571394 -0.640342 -0.704416 -0.763129 -0.816035 -0.86273 -0.902859 -0.936117 -0.96225 -0.98106 -0.992404 -0.996195 -0.992404 -0.98106 -0.96225 -0.936117 -0.902859 -0.86273 -0.816035 -0.763129 -0.704416 -0.640342 -0.571394 -0.498097 -0.42101 -0.340719 -0.257834 -0.172987 -0.0868241 -2.43997e-16 ;
0 0.0871557 0.173648 0.258819 0.34202 0.422618 0.5 0.573576 0.642788 0.707107 0.766044 0.819152 0.866025 0.906308 0.939693 0.965926 0.984808 0.996195 1 0.996195 0.984808 0.965926 0.939693 0.906308 0.866025 0.819152 0.766044 0.707107 0.642788 0.573576 0.5 0.422618 0.34202 0.258819 0.173648 0.0871557 1.22465e-16 -0.0871557 -0.173648 -0.258819 -0.34202 -0.422618 -0.5 -0.573576 -0.642788 -0.707107 -0.766044 -0.819152 -0.866025 -0.906308 -0.939693 -0.965926 -0.984808 -0.996195 -1 -0.996195 -0.984808 -0.965926 -0.939693 -0.906308 -0.866025 -0.819152 -0.766044 -0.707107 -0.642788 -0.573576 -0.5 -0.422618 -0.34202 -0.258819 -0.173648 -0.0871557 -2.44929e-16 ;
];
Z = [
1 1 1 1 1 1 1 1 1 1 1 1 1 1 1 1 1 1 1 1 1 1 1 1 1 1 1 1 1 1 1 1 1 1 1 1 1 1 1 1 1 1 1 1 1 1 1 1 1 1 1 1 1 1 1 1 1 1 1 1 1 1 1 1 1 1 1 1 1 1 1 1 1 ;
0.996195 0.996195 0.996195 0.996195 0.996195 0.996195 0.996195 0.996195 0.996195 0.996195 0.996195 0.996195 0.996195 0.996195 0.996195 0.996195 0.996195 0.996195 0.996195 0.996195 0.996195 0.996195 0.996195 0.996195 0.996195 0.996195 0.996195 0.996195 0.996195 0.996195 0.996195 0.996195 0.996195 0.996195 0.996195 0.996195 0.996195 0.996195 0.996195 0.996195 0.996195 0.996195 0.996195 0.996195 0.996195 0.996195 0.996195 0.996195 0.996195 0.996195 0.996195 0.996195 0.996195 0.996195 0.996195 0.996195 0.996195 0.996195 0.996195 0.996195 0.996195 0.996195 0.996195 0.996195 0.996195 0.996195 0.996195 0.996195 0.996195 0.996195 0.996195 0.996195 0.996195 ;
0.984808 0.984808 0.984808 0.984808 0.984808 0.984808 0.984808 0.984808 0.984808 0.984808 0.984808 0.984808 0.984808 0.984808 0.984808 0.984808 0.984808 0.984808 0.984808 0.984808 0.984808 0.984808 0.984808 0.984808 0.984808 0.984808 0.984808 0.984808 0.984808 0.984808 0.984808 0.984808 0.984808 0.984808 0.984808 0.984808 0.984808 0.984808 0.984808 0.984808 0.984808 0.984808 0.984808 0.984808 0.984808 0.984808 0.984808 0.984808 0.984808 0.984808 0.984808 0.984808 0.984808 0.984808 0.984808 0.984808 0.984808 0.984808 0.984808 0.984808 0.984808 0.984808 0.984808 0.984808 0.984808 0.984808 0.984808 0.984808 0.984808 0.984808 0.984808 0.984808 0.984808 ;
0.965926 0.965926 0.965926 0.965926 0.965926 0.965926 0.965926 0.965926 0.965926 0.965926 0.965926 0.965926 0.965926 0.965926 0.965926 0.965926 0.965926 0.965926 0.965926 0.965926 0.965926 0.965926 0.965926 0.965926 0.965926 0.965926 0.965926 0.965926 0.965926 0.965926 0.965926 0.965926 0.965926 0.965926 0.965926 0.965926 0.965926 0.965926 0.965926 0.965926 0.965926 0.965926 0.965926 0.965926 0.965926 0.965926 0.965926 0.965926 0.965926 0.965926 0.965926 0.965926 0.965926 0.965926 0.965926 0.965926 0.965926 0.965926 0.965926 0.965926 0.965926 0.965926 0.965926 0.965926 0.965926 0.965926 0.965926 0.965926 0.965926 0.965926 0.965926 0.965926 0.965926 ;
0.939693 0.939693 0.939693 0.939693 0.939693 0.939693 0.939693 0.939693 0.939693 0.939693 0.939693 0.939693 0.939693 0.939693 0.939693 0.939693 0.939693 0.939693 0.939693 0.939693 0.939693 0.939693 0.939693 0.939693 0.939693 0.939693 0.939693 0.939693 0.939693 0.939693 0.939693 0.939693 0.939693 0.939693 0.939693 0.939693 0.939693 0.939693 0.939693 0.939693 0.939693 0.939693 0.939693 0.939693 0.939693 0.939693 0.939693 0.939693 0.939693 0.939693 0.939693 0.939693 0.939693 0.939693 0.939693 0.939693 0.939693 0.939693 0.939693 0.939693 0.939693 0.939693 0.939693 0.939693 0.939693 0.939693 0.939693 0.939693 0.939693 0.939693 0.939693 0.939693 0.939693 ;
0.906308 0.906308 0.906308 0.906308 0.906308 0.906308 0.906308 0.906308 0.906308 0.906308 0.906308 0.906308 0.906308 0.906308 0.906308 0.906308 0.906308 0.906308 0.906308 0.906308 0.906308 0.906308 0.906308 0.906308 0.906308 0.906308 0.906308 0.906308 0.906308 0.906308 0.906308 0.906308 0.906308 0.906308 0.906308 0.906308 0.906308 0.906308 0.906308 0.906308 0.906308 0.906308 0.906308 0.906308 0.906308 0.906308 0.906308 0.906308 0.906308 0.906308 0.906308 0.906308 0.906308 0.906308 0.906308 0.906308 0.906308 0.906308 0.906308 0.906308 0.906308 0.906308 0.906308 0.906308 0.906308 0.906308 0.906308 0.906308 0.906308 0.906308 0.906308 0.906308 0.906308 ;
0.866025 0.866025 0.866025 0.866025 0.866025 0.866025 0.866025 0.866025 0.866025 0.866025 0.866025 0.866025 0.866025 0.866025 0.866025 0.866025 0.866025 0.866025 0.866025 0.866025 0.866025 0.866025 0.866025 0.866025 0.866025 0.866025 0.866025 0.866025 0.866025 0.866025 0.866025 0.866025 0.866025 0.866025 0.866025 0.866025 0.866025 0.866025 0.866025 0.866025 0.866025 0.866025 0.866025 0.866025 0.866025 0.866025 0.866025 0.866025 0.866025 0.866025 0.866025 0.866025 0.866025 0.866025 0.866025 0.866025 0.866025 0.866025 0.866025 0.866025 0.866025 0.866025 0.866025 0.866025 0.866025 0.866025 0.866025 0.866025 0.866025 0.866025 0.866025 0.866025 0.866025 ;
0.819152 0.819152 0.819152 0.819152 0.819152 0.819152 0.819152 0.819152 0.819152 0.819152 0.819152 0.819152 0.819152 0.819152 0.819152 0.819152 0.819152 0.819152 0.819152 0.819152 0.819152 0.819152 0.819152 0.819152 0.819152 0.819152 0.819152 0.819152 0.819152 0.819152 0.819152 0.819152 0.819152 0.819152 0.819152 0.819152 0.819152 0.819152 0.819152 0.819152 0.819152 0.819152 0.819152 0.819152 0.819152 0.819152 0.819152 0.819152 0.819152 0.819152 0.819152 0.819152 0.819152 0.819152 0.819152 0.819152 0.819152 0.819152 0.819152 0.819152 0.819152 0.819152 0.819152 0.819152 0.819152 0.819152 0.819152 0.819152 0.819152 0.819152 0.819152 0.819152 0.819152 ;
0.766044 0.766044 0.766044 0.766044 0.766044 0.766044 0.766044 0.766044 0.766044 0.766044 0.766044 0.766044 0.766044 0.766044 0.766044 0.766044 0.766044 0.766044 0.766044 0.766044 0.766044 0.766044 0.766044 0.766044 0.766044 0.766044 0.766044 0.766044 0.766044 0.766044 0.766044 0.766044 0.766044 0.766044 0.766044 0.766044 0.766044 0.766044 0.766044 0.766044 0.766044 0.766044 0.766044 0.766044 0.766044 0.766044 0.766044 0.766044 0.766044 0.766044 0.766044 0.766044 0.766044 0.766044 0.766044 0.766044 0.766044 0.766044 0.766044 0.766044 0.766044 0.766044 0.766044 0.766044 0.766044 0.766044 0.766044 0.766044 0.766044 0.766044 0.766044 0.766044 0.766044 ;
0.707107 1.41421 0.707107 1.41421 1.41421 1.41421 1.41421 1.41421 1.41421 1.41421 1.41421 1.41421 1.41421 1.41421 1.41421 1.41421 0.707107 1.41421 0.707107 0.707107 0.707107 0.707107 0.707107 0.707107 0.707107 0.707107 0.707107 0.707107 0.707107 0.707107 0.707107 0.707107 0.707107 0.707107 0.707107 0.707107 0.707107 0.707107 0.707107 0.707107 0.707107 0.707107 0.707107 0.707107 0.707107 0.707107 0.707107 0.707107 0.707107 0.707107 0.707107 0.707107 0.707107 0.707107 0.707107 0.707107 0.707107 0.707107 0.707107 0.707107 0.707107 0.707107 0.707107 0.707107 0.707107 0.707107 0.707107 0.707107 0.707107 0.707107 0.707107 0.707107 0.707107 ;
0.642788 0.642788 0.642788 0.642788 0.642788 1.28558 1.28558 1.28558 1.28558 1.28558 1.28558 1.28558 1.28558 1.28558 0.642788 0.642788 0.642788 0.642788 0.642788 0.642788 0.642788 0.642788 0.642788 0.642788 0.642788 0.642788 0.642788 0.642788 0.642788 0.642788 0.642788 0.642788 0.642788 0.642788 0.642788 0.642788 0.642788 0.642788 0.642788 0.642788 0.642788 0.642788 0.642788 0.642788 0.642788 0.642788 0.642788 0.642788 0.642788 0.642788 0.642788 0.642788 0.642788 0.642788 0.642788 0.642788 0.642788 0.642788 0.642788 0.642788 0.642788 0.642788 0.642788 0.642788 0.642788 0.642788 0.642788 0.642788 0.642788 0.642788 0.642788 0.642788 0.642788 ;
0.573576 0.573576 0.573576 0.573576 0.573576 0.573576 1.14715 1.14715 1.14715 1.14715 1.14715 1.14715 1.14715 0.573576 0.573576 0.573576 0.573576 0.573576 0.573576 0.573576 0.573576 0.573576 0.573576 0.573576 0.573576 0.573576 0.573576 0.573576 0.573576 0.573576 0.573576 0.573576 0.573576 0.573576 0.573576 0.573576 0.573576 0.573576 0.573576 0.573576 0.573576 0.573576 0.573576 0.573576 0.573576 0.573576 0.573576 0.573576 0.573576 0.573576 0.573576 0.573576 0.573576 0.573576 0.573576 0.573576 0.573576 0.573576 0.573576 0.573576 0.573576 0.573576 0.573576 0.573576 0.573576 0.573576 0.573576 0.573576 0.573576 0.573576 0.573576 0.573576 0.573576 ;
0.5 0.5 0.5 0.5 0.5 0.5 0.5 1 1 1 1 1 0.5 0.5 0.5 0.5 0.5 0.5 0.5 0.5 0.5 0.5 0.5 0.5 0.5 0.5 0.5 0.5 0.5 0.5 0.5 0.5 0.5 0.5 0.5 0.5 0.5 0.5 0.5 0.5 0.5 0.5 0.5 0.5 0.5 0.5 0.5 0.5 0.5 0.5 0.5 0.5 0.5 0.5 0.5 0.5 0.5 0.5 0.5 0.5 0.5 0.5 0.5 0.5 0.5 0.5 0.5 0.5 0.5 0.5 0.5 0.5 0.5 ;
0.422618 0.422618 0.422618 0.422618 0.422618 0.422618 0.422618 0.422618 0.845237 0.845237 0.845237 0.422618 0.422618 0.422618 0.422618 0.422618 0.422618 0.422618 0.422618 0.422618 0.422618 0.422618 0.422618 0.422618 0.422618 0.422618 0.422618 0.422618 0.422618 0.422618 0.422618 0.422618 0.422618 0.422618 0.422618 0.422618 0.422618 0.422618 0.422618 0.422618 0.422618 0.422618 0.422618 0.422618 0.422618 0.422618 0.422618 0.422618 0.422618 0.422618 0.422618 0.422618 0.422618 0.422618 0.422618 0.422618 0.422618 0.422618 0.422618 0.422618 0.422618 0.422618 0.422618 0.422618 0.422618 0.422618 0.422618 0.422618 0.422618 0.422618 0.422618 0.422618 0.422618 ;
0.34202 0.34202 0.34202 0.34202 0.34202 0.34202 0.34202 0.34202 0.34202 0.68404 0.34202 0.34202 0.34202 0.34202 0.34202 0.34202 0.34202 0.34202 0.34202 0.34202 0.34202 0.34202 0.34202 0.34202 0.34202 0.34202 0.34202 0.34202 0.34202 0.34202 0.34202 0.34202 0.34202 0.34202 0.34202 0.34202 0.34202 0.34202 0.34202 0.34202 0.34202 0.34202 0.34202 0.34202 0.34202 0.34202 0.34202 0.34202 0.34202 0.34202 0.34202 0.34202 0.34202 0.34202 0.34202 0.34202 0.34202 0.34202 0.34202 0.34202 0.34202 0.34202 0.34202 0.34202 0.34202 0.34202 0.34202 0.34202 0.34202 0.34202 0.34202 0.34202 0.34202 ;
0.258819 0.258819 0.258819 0.258819 0.258819 0.258819 0.258819 0.258819 0.258819 0.517638 0.258819 0.258819 0.258819 0.258819 0.258819 0.258819 0.258819 0.258819 0.258819 0.258819 0.258819 0.258819 0.258819 0.258819 0.258819 0.258819 0.258819 0.258819 0.258819 0.258819 0.258819 0.258819 0.258819 0.258819 0.258819 0.258819 0.258819 0.258819 0.258819 0.258819 0.258819 0.258819 0.258819 0.258819 0.258819 0.258819 0.258819 0.258819 0.258819 0.258819 0.258819 0.258819 0.258819 0.258819 0.258819 0.258819 0.258819 0.258819 0.258819 0.258819 0.258819 0.258819 0.258819 0.258819 0.258819 0.258819 0.258819 0.258819 0.258819 0.258819 0.258819 0.258819 0.258819 ;
0.173648 0.173648 0.173648 0.173648 0.173648 0.173648 0.173648 0.173648 0.173648 0.347296 0.173648 0.173648 0.173648 0.173648 0.173648 0.173648 0.173648 0.173648 0.173648 0.173648 0.173648 0.173648 0.173648 0.173648 0.173648 0.173648 0.173648 0.173648 0.173648 0.173648 0.173648 0.173648 0.173648 0.173648 0.173648 0.173648 0.173648 0.173648 0.173648 0.173648 0.173648 0.173648 0.173648 0.173648 0.173648 0.173648 0.173648 0.173648 0.173648 0.173648 0.173648 0.173648 0.173648 0.173648 0.173648 0.173648 0.173648 0.173648 0.173648 0.173648 0.173648 0.173648 0.173648 0.173648 0.173648 0.173648 0.173648 0.173648 0.173648 0.173648 0.173648 0.173648 0.173648 ;
0.0871557 0.0871557 0.0871557 0.0871557 0.0871557 0.0871557 0.0871557 0.0871557 0.0871557 0.174311 0.0871557 0.0871557 0.0871557 0.0871557 0.0871557 0.0871557 0.0871557 0.0871557 0.0871557 0.0871557 0.0871557 0.0871557 0.0871557 0.0871557 0.0871557 0.0871557 0.0871557 0.0871557 0.0871557 0.0871557 0.0871557 0.0871557 0.0871557 0.0871557 0.0871557 0.0871557 0.0871557 0.0871557 0.0871557 0.0871557 0.0871557 0.0871557 0.0871557 0.0871557 0.0871557 0.0871557 0.0871557 0.0871557 0.0871557 0.0871557 0.0871557 0.0871557 0.0871557 0.0871557 0.0871557 0.0871557 0.0871557 0.0871557 0.0871557 0.0871557 0.0871557 0.0871557 0.0871557 0.0871557 0.0871557 0.0871557 0.0871557 0.0871557 0.0871557 0.0871557 0.0871557 0.0871557 0.0871557 ;
6.12323e-17 6.12323e-17 6.12323e-17 6.12323e-17 6.12323e-17 6.12323e-17 6.12323e-17 6.12323e-17 6.12323e-17 6.12323e-17 6.12323e-17 6.12323e-17 6.12323e-17 6.12323e-17 6.12323e-17 6.12323e-17 6.12323e-17 6.12323e-17 6.12323e-17 6.12323e-17 6.12323e-17 6.12323e-17 6.12323e-17 6.12323e-17 6.12323e-17 6.12323e-17 6.12323e-17 6.12323e-17 6.12323e-17 6.12323e-17 6.12323e-17 6.12323e-17 6.12323e-17 6.12323e-17 6.12323e-17 6.12323e-17 6.12323e-17 6.12323e-17 6.12323e-17 6.12323e-17 6.12323e-17 6.12323e-17 6.12323e-17 6.12323e-17 6.12323e-17 6.12323e-17 6.12323e-17 6.12323e-17 6.12323e-17 6.12323e-17 6.12323e-17 6.12323e-17 6.12323e-17 6.12323e-17 6.12323e-17 6.12323e-17 6.12323e-17 6.12323e-17 6.12323e-17 6.12323e-17 6.12323e-17 6.12323e-17 6.12323e-17 6.12323e-17 6.12323e-17 6.12323e-17 6.12323e-17 6.12323e-17 6.12323e-17 6.12323e-17 6.12323e-17 6.12323e-17 6.12323e-17 ;
];
figure
surf(X, Y, Z)