X = [
0 0 0 0 0 0 0 0 0 0 0 0 0 0 0 0 0 0 0 -0 -0 -0 -0 -0 -0 -0 -0 -0 -0 -0 -0 -0 -0 -0 -0 -0 -0 -0 -0 -0 -0 -0 -0 -0 -0 -0 -0 -0 -0 -0 -0 -0 -0 -0 -0 0 0 0 0 0 0 0 0 0 0 0 0 0 0 0 0 0 0 ;
0.0871557 0.0868241 0.0858316 0.084186 0.0818996 0.0789899 0.0754791 0.0713938 0.0667652 0.0616284 0.0560226 0.0499905 0.0435779 0.0368336 0.029809 0.0225576 0.0151344 0.00759612 5.33675e-18 -0.00759612 -0.0151344 -0.0225576 -0.029809 -0.0368336 -0.0435779 -0.0499905 -0.0560226 -0.0616284 -0.0667652 -0.0713938 -0.0754791 -0.0789899 -0.0818996 -0.084186 -0.0858316 -0.0868241 -0.0871557 -0.0868241 -0.0858316 -0.084186 -0.0818996 -0.0789899 -0.0754791 -0.0713938 -0.0667652 -0.0616284 -0.0560226 -0.0499905 -0.0435779 -0.0368336 -0.029809 -0.0225576 -0.0151344 -0.00759612 -1.60102e-17 0.00759612 0.0151344 0.0225576 0.029809 0.0368336 0.0435779 0.0499905 0.0560226 0.0616284 0.0667652 0.0713938 0.0754791 0.0789899 0.0818996 0.084186 0.0858316 0.0868241 0.0871557 ;
0.173648 0.172987 0.17101 0.167731 0.163176 0.157379 0.150384 0.142244 0.133022 0.122788 0.111619 0.0996005 0.0868241 0.0733869 0.0593912 0.0449435 0.0301537 0.0151344 1.06329e-17 -0.0151344 -0.0301537 -0.0449435 -0.0593912 -0.0733869 -0.0868241 -0.0996005 -0.111619 -0.122788 -0.133022 -0.142244 -0.150384 -0.157379 -0.163176 -0.167731 -0.17101 -0.172987 -0.173648 -0.172987 -0.17101 -0.167731 -0.163176 -0.157379 -0.150384 -0.142244 -0.133022 -0.122788 -0.111619 -0.0996005 -0.0868241 -0.0733869 -0.0593912 -0.0449435 -0.0301537 -0.0151344 -3.18987e-17 0.0151344 0.0301537 0.0449435 0.0593912 0.0733869 0.0868241 0.0996005 0.111619 0.122788 0.133022 0.142244 0.150384 0.157379 0.163176 0.167731 0.17101 0.172987 0.173648 ;
0.258819 0.257834 0.254887 0.25 0.24321 0.23457 0.224144 0.212012 0.198267 0.183013 0.166366 0.148453 0.12941 0.109382 0.0885213 0.0669873 0.0449435 0.0225576 1.58481e-17 -0.0225576 -0.0449435 -0.0669873 -0.0885213 -0.109382 -0.12941 -0.148453 -0.166366 -0.183013 -0.198267 -0.212012 -0.224144 -0.23457 -0.24321 -0.25 -0.254887 -0.257834 -0.258819 -0.257834 -0.254887 -0.25 -0.24321 -0.23457 -0.224144 -0.212012 -0.198267 -0.183013 -0.166366 -0.148453 -0.12941 -0.109382 -0.0885213 -0.0669873 -0.0449435 -0.0225576 -4.75443e-17 0.0225576 0.0449435 0.0669873 0.0885213 0.109382 0.12941 0.148453 0.166366 0.183013 0.198267 0.212012 0.224144 0.23457 0.24321 0.25 0.254887 0.257834 0.258819 ;
0.34202 0.340719 0.336824 0.330366 0.321394 0.309976 0.296198 0.280167 0.262003 0.241845 0.219846 0.196175 0.17101 0.144544 0.116978 0.0885213 0.0593912 0.029809 2.09427e-17 -0.029809 -0.0593912 -0.0885213 -0.116978 -0.144544 -0.17101 -0.196175 -0.219846 -0.241845 -0.262003 -0.280167 -0.296198 -0.309976 -0.321394 -0.330366 -0.336824 -0.340719 -0.34202 -0.340719 -0.336824 -0.330366 -0.321394 -0.309976 -0.296198 -0.280167 -0.262003 -0.241845 -0.219846 -0.196175 -0.17101 -0.144544 -0.116978 -0.0885213 -0.0593912 -0.029809 -6.28281e-17 0.029809 0.0593912 0.0885213 0.116978 0.144544 0.17101 0.196175 0.219846 0.241845 0.262003 0.280167 0.296198 0.309976 0.321394 0.330366 0.336824 0.340719 0.34202 ;
0.422618 0.42101 0.416198 0.408218 0.397131 0.383022 0.365998 0.346189 0.323744 0.298836 0.271654 0.242404 0.211309 0.178606 0.144544 0.109382 0.0733869 0.0368336 2.58779e-17 -0.0368336 -0.0733869 -0.109382 -0.144544 -0.178606 -0.211309 -0.242404 -0.271654 -0.298836 -0.323744 -0.346189 -0.365998 -0.383022 -0.397131 -0.408218 -0.416198 -0.42101 -0.422618 -0.42101 -0.416198 -0.408218 -0.397131 -0.383022 -0.365998 -0.346189 -0.323744 -0.298836 -0.271654 -0.242404 -0.211309 -0.178606 -0.144544 -0.109382 -0.0733869 -0.0368336 -7.76337e-17 0.0368336 0.0733869 0.109382 0.144544 0.178606 0.211309 0.242404 0.271654 0.298836 0.323744 0.346189 0.365998 0.383022 0.397131 0.408218 0.416198 0.42101 0.422618 ;
0.5 0.498097 0.492404 0.482963 0.469846 0.453154 0.433013 0.409576 0.383022 0.353553 0.321394 0.286788 0.25 0.211309 0.17101 0.12941 0.0868241 0.0435779 3.06162e-17 -0.0435779 -0.0868241 -0.12941 -0.17101 -0.211309 -0.25 -0.286788 -0.321394 -0.353553 -0.383022 -0.409576 -0.433013 -0.453154 -0.469846 -0.482963 -0.492404 -0.498097 -0.5 -0.498097 -0.492404 -0.482963 -0.469846 -0.453154 -0.433013 -0.409576 -0.383022 -0.353553 -0.321394 -0.286788 -0.25 -0.211309 -0.17101 -0.12941 -0.0868241 -0.0435779 -9.18485e-17 0.0435779 0.0868241 0.12941 0.17101 0.211309 0.25 0.286788 0.321394 0.353553 0.383022 0.409576 0.433013 0.453154 0.469846 0.482963 0.492404 0.498097 0.5 ;
0.573576 0.571394 0.564863 0.554032 0.538986 0.519837 0.496732 0.469846 0.439385 0.40558 0.368688 0.32899 0.286788 0.242404 0.196175 0.148453 0.0996005 0.0499905 3.51214e-17 -0.0499905 -0.0996005 -0.148453 -0.196175 -0.242404 -0.286788 -0.32899 -0.368688 -0.40558 -0.439385 -0.469846 -0.496732 -0.519837 -0.538986 -0.554032 -0.564863 -0.571394 -0.573576 -0.571394 -0.564863 -0.554032 -0.538986 -0.519837 -0.496732 -0.469846 -0.439385 -0.40558 -0.368688 -0.32899 -0.286788 -0.242404 -0.196175 -0.148453 -0.0996005 -0.0499905 -1.05364e-16 0.0499905 0.0996005 0.148453 0.196175 0.242404 0.286788 0.32899 0.368688 0.40558 0.439385 0.469846 0.496732 0.519837 0.538986 0.554032 0.564863 0.571394 0.573576 ;
0.642788 0.640342 0.633022 0.620885 0.604023 0.582563 0.55667 0.526541 0.492404 0.454519 0.413176 0.368688 0.321394 0.271654 0.219846 0.166366 0.111619 0.0560226 3.93594e-17 -0.0560226 -0.111619 -0.166366 -0.219846 -0.271654 -0.321394 -0.368688 -0.413176 -0.454519 -0.492404 -0.526541 -0.55667 -0.582563 -0.604023 -0.620885 -0.633022 -0.640342 -0.642788 -0.640342 -0.633022 -0.620885 -0.604023 -0.582563 -0.55667 -0.526541 -0.492404 -0.454519 -0.413176 -0.368688 -0.321394 -0.271654 -0.219846 -0.166366 -0.111619 -0.0560226 -1.18078e-16 0.0560226 0.111619 0.166366 0.219846 0.271654 0.321394 0.368688 0.413176 0.454519 0.492404 0.526541 0.55667 0.582563 0.604023 0.620885 0.633022 0.640342 0.642788 ;
0.707107 1.40883 0.696364 1.36603 1.32893 1.28171 1.22474 1.15846 1.08335 1 0.909039 0.81116 0.707107 0.597672 0.48369 0.366025 0.122788 0.123257 4.32978e-17 -0.0616284 -0.122788 -0.183013 -0.241845 -0.298836 -0.353553 -0.40558 -0.454519 -0.5 -0.541675 -0.579228 -0.612372 -0.640856 -0.664463 -0.683013 -0.696364 -0.704416 -0.707107 -0.704416 -0.696364 -0.683013 -0.664463 -0.640856 -0.612372 -0.579228 -0.541675 -0.5 -0.454519 -0.40558 -0.353553 -0.298836 -0.241845 -0.183013 -0.122788 -0.0616284 -1.29893e-16 0.0616284 0.122788 0.183013 0.241845 0.298836 0.353553 0.40558 0.454519 0.5 0.541675 0.579228 0.612372 0.640856 0.664463 0.683013 0.696364 0.704416 0.707107 ;
0.766044 0.763129 0.754407 0.739942 0.719846 1.38854 1.32683 1.25501 1.17365 1.08335 0.984808 0.87877 0.766044 0.647489 0.262003 0.198267 0.133022 0.0667652 4.69067e-17 -0.0667652 -0.133022 -0.198267 -0.262003 -0.323744 -0.383022 -0.439385 -0.492404 -0.541675 -0.586824 -0.627507 -0.663414 -0.694272 -0.719846 -0.739942 -0.754407 -0.763129 -0.766044 -0.763129 -0.754407 -0.739942 -0.719846 -0.694272 -0.663414 -0.627507 -0.586824 -0.541675 -0.492404 -0.439385 -0.383022 -0.323744 -0.262003 -0.198267 -0.133022 -0.0667652 -1.4072e-16 0.0667652 0.133022 0.198267 0.262003 0.323744 0.383022 0.439385 0.492404 0.541675 0.586824 0.627507 0.663414 0.694272 0.719846 0.739942 0.754407 0.763129 0.766044 ;
0.819152 0.816035 0.806707 0.79124 0.769751 0.742404 1.41881 1.34202 1.25501 1.15846 1.05308 0.939693 0.819152 0.346189 0.280167 0.212012 0.142244 0.0713938 5.01586e-17 -0.0713938 -0.142244 -0.212012 -0.280167 -0.346189 -0.409576 -0.469846 -0.526541 -0.579228 -0.627507 -0.67101 -0.709406 -0.742404 -0.769751 -0.79124 -0.806707 -0.816035 -0.819152 -0.816035 -0.806707 -0.79124 -0.769751 -0.742404 -0.709406 -0.67101 -0.627507 -0.579228 -0.526541 -0.469846 -0.409576 -0.346189 -0.280167 -0.212012 -0.142244 -0.0713938 -1.50476e-16 0.0713938 0.142244 0.212012 0.280167 0.346189 0.409576 0.469846 0.526541 0.579228 0.627507 0.67101 0.709406 0.742404 0.769751 0.79124 0.806707 0.816035 0.819152 ;
